READ SERR 1 2
@count.pco
!
21.9812527 6.25075214E-3 959.88446 277.094788 699.595703
21.9687519 6.24944549E-3 1040.09229 288.469696 699.789612
21.9562511 6.25044713E-3 719.948486 239.982834 699.726501
21.9437523 6.24911999E-3 400.056335 178.910629 699.934143
21.9312534 6.25009555E-3 719.988953 239.996323 699.899963
21.9187527 6.2499023E-3 560.008789 211.663422 700.013794
21.9062519 6.25084992E-3 639.913025 226.243408 700.013367
21.8937511 6.24947902E-3 880.073364 265.352112 700.284119
21.8812523 6.25040103E-3 799.948669 252.965988 700.309631
21.8687515 6.25015888E-3 639.983765 226.268417 700.47937
21.8562508 6.2499051E-3 800.012146 252.986053 700.666443
21.8437519 6.24964014E-3 800.046082 252.99678 700.876831
21.8312511 6.25050906E-3 639.947876 226.255753 700.988953
21.8187523 6.24907482E-3 800.118408 253.019669 701.391357
21.8062515 6.25106087E-3 399.932129 178.855087 701.436401
21.7937508 6.24960428E-3 1200.07605 309.858276 701.885071
21.7812519 6.25042012E-3 1279.91406 319.978516 702.091492
21.7687511 6.24894351E-3 560.094666 211.695892 702.576172
21.7562523 6.25087135E-3 719.899658 239.966537 702.71875
21.7437515 6.24937285E-3 1040.10437 288.473053 703.315613
21.7312527 6.25013607E-3 239.994781 138.56105 703.752014
21.7187519 6.24975096E-3 1120.04468 299.344513 704.420105
21.7062531 6.25048671E-3 639.950195 226.256561 705.046143
21.6937523 6.25007693E-3 1119.98621 299.328918 705.846924
21.6812515 6.24965597E-3 640.035217 226.286621 706.656067
21.6687527 6.25035213E-3 1039.94141 288.427856 707.340271
21.6562519 6.24990696E-3 880.013123 265.333954 708.199463
21.6437531 6.24945061E-3 880.077393 265.353302 709.177856
21.6312523 6.2501072E-3 559.990356 211.656464 710.182251
21.6187515 6.25074934E-3 399.952026 178.863983 711.278076
21.6062527 6.24913396E-3 240.033264 138.583267 712.579285
21.5937519 6.25087181E-3 559.921875 211.630585 713.317261
21.5812511 6.24923455E-3 960.117554 277.162079 714.232788
21.5687523 6.24982594E-3 560.015625 211.666 714.763916
21.5562534 6.25040242E-3 639.958801 226.259598 715.261658
21.5437527 6.24984922E-3 640.015442 226.279633 715.878784
21.5312519 6.25039916E-3 799.948914 252.966064 716.309204
21.5187511 6.24982221E-3 480.013672 195.964752 716.754456
21.5062523 6.25034561E-3 879.951355 265.315308 716.975708
21.4937515 6.24974491E-3 1040.04248 288.455872 717.306458
21.4812527 6.25024177E-3 1039.95972 288.432953 717.540283
21.4687519 6.24961732E-3 480.029388 195.971176 717.863403
21.4562531 6.2500881E-3 479.993225 195.956406 717.855286
21.4437523 6.25054492E-3 559.951172 211.641647 717.517456
21.4312515 6.24988368E-3 640.011902 226.278381 717.012085
21.4187527 6.24921219E-3 720.090759 240.030258 716.388062
21.4062519 6.25073211E-3 799.906311 252.952591 715.570984
21.3937511 6.25003455E-3 319.99823 159.999115 715.134705
21.3812523 6.24932675E-3 320.034485 160.017242 714.799805
21.3687515 6.25080243E-3 559.928101 211.632935 714.269104
21.3562527 6.24897331E-3 800.13147 253.023773 714.145874
21.3437519 6.25042105E-3 719.951538 239.983841 713.664185
21.3312531 6.24966435E-3 560.03009 211.671478 713.417419
21.3187523 6.24998938E-3 1280.0022 320.000549 712.969971
21.3062534 6.25030044E-3 959.953857 277.114807 712.38324
21.2937508 6.25059754E-3 559.946472 211.639877 711.638733
21.2812519 6.24979241E-3 800.02655 252.990616 710.926758
21.2687511 6.25006435E-3 1039.98926 288.441132 710.126465
21.2562523 6.24923687E-3 880.107483 265.362396 709.599609
21.2437515 6.25056727E-3 479.956421 195.941391 709.016296
21.2312527 6.24971464E-3 400.01825 178.8936 708.828796
21.2187519 6.24993397E-3 880.009338 265.332794 708.570801
21.2062531 6.25013886E-3 479.989319 195.954819 708.247131
21.1937523 6.25033025E-3 479.97464 195.948822 707.766479
21.1812515 6.24943059E-3 800.072937 253.005264 707.254822
21.1687527 6.25067344E-3 639.93103 226.249786 706.466125
21.1562519 6.24974864E-3 880.0354 265.340637 706.049377
21.1437511 6.24988833E-3 640.011475 226.278214 705.713745
21.1312523 6.25001406E-3 799.99823 252.981644 705.510864
21.1187515 6.25012629E-3 479.990295 195.955215 705.296082
21.1062508 6.25022501E-3 319.988495 159.994247 704.978271
21.0937519 6.24924153E-3 480.058258 195.982971 704.69989
21.0812531 6.25038333E-3 479.970551 195.947159 704.196289
21.0687523 6.25044154E-3 559.960449 211.645142 703.915161
21.0562515 6.24942174E-3 880.081421 265.354553 703.888672
21.0437527 6.25051977E-3 1279.89355 319.973389 703.765991
21.0312519 6.24947529E-3 640.053711 226.293167 704.0896
21.0187511 6.25054445E-3 719.937317 239.979095 704.490234
21.0062523 6.24947622E-3 1040.08716 288.468292 705.502563
20.9937515 6.25051605E-3 639.947205 226.255493 706.546692
20.9812527 6.2494236E-3 480.04425 195.977249 707.885498
20.9687519 6.25043456E-3 399.972168 178.873001 708.863892
20.9562531 6.24931883E-3 1120.12207 299.365234 709.925049
20.9437523 6.25030091E-3 639.969177 226.263275 710.650879
20.9312515 6.25021383E-3 1039.96448 288.434235 711.471313
20.9187527 6.25011371E-3 1279.97668 319.994171 712.296265
20.9062519 6.25000056E-3 719.999939 239.999985 713.136169
20.8937511 6.24987436E-3 320.006439 160.00322 713.993164
20.8812523 6.24973513E-3 560.023743 211.669067 714.866516
20.8687515 6.25062967E-3 799.919434 252.956741 715.633667
20.8562527 6.24941709E-3 880.082092 265.354736 716.650818
20.8437519 6.25028322E-3 959.956543 277.11557 717.435669
20.8312511 6.25008997E-3 1199.98267 309.834198 718.346497
20.8187523 6.24988414E-3 480.008881 195.962814 719.263489
20.8062515 6.24966575E-3 480.025696 195.969666 720.186279
20.7937527 6.25047274E-3 639.951599 226.25705 720.992188
20.7812519 6.2502264E-3 639.976807 226.265976 721.91626
20.7687511 6.2499675E-3 960.005005 277.129578 722.833252
20.7562523 6.24969555E-3 1040.05066 288.45816 723.735168
20.7437515 6.24941103E-3 320.030151 160.015076 724.60083
20.7312527 6.25014678E-3 159.996246 113.13443 725.275757
20.7187519 6.25086576E-3 959.867004 277.089752 725.847839
20.7062511 6.24950882E-3 320.025146 160.012573 726.549622
20.6937523 6.25020079E-3 399.987152 178.8797 726.926453
20.6812515 6.24984875E-3 320.007751 160.003876 727.377136
20.6687527 6.24948461E-3 320.026398 160.013199 727.813232
20.6562519 6.25013281E-3 479.989777 195.955002 728.129822
20.6437511 6.25076517E-3 559.931458 211.634186 728.449097
20.6312523 6.24933653E-3 720.076416 240.025482 729.009216
20.6187515 6.24994189E-3 880.008179 265.332458 729.331604
20.6062527 6.25053141E-3 719.938782 239.979599 729.652466
20.5937519 6.25008577E-3 799.989014 252.978745 730.085205
20.5812511 6.24962803E-3 720.042847 240.014282 730.505493
20.5687523 6.25017472E-3 399.9888 178.880432 730.791321
20.5562515 6.24969043E-3 640.031677 226.28537 731.179993
20.5437527 6.25020824E-3 559.981384 211.653061 731.432434
20.5312519 6.24969695E-3 1120.05432 299.347107 731.784424
20.5187531 6.25018543E-3 479.985748 195.953354 731.997742
20.5062523 6.24964852E-3 560.031494 211.672012 732.308472
20.4937534 6.25010813E-3 1359.97656 329.842743 732.477844
20.4812527 6.2505519E-3 239.978806 138.551834 732.624878
20.4687519 6.24997402E-3 880.003662 265.331085 732.870422
20.4562531 6.24938402E-3 960.094604 277.155426 733.100525
20.4437523 6.25079032E-3 1119.8584 299.294739 733.078003
20.4312515 6.24916935E-3 640.085083 226.304245 733.381653
20.4187527 6.25054492E-3 559.951172 211.641647 733.282959
20.4062519 6.24990044E-3 560.008911 211.663467 733.341248
20.3937511 6.25024363E-3 879.965698 265.319641 733.17804
20.3812523 6.24957355E-3 560.038208 211.674545 733.020447
20.3687515 6.2498888E-3 960.01709 277.133057 732.650513
20.3562527 6.25018869E-3 559.983093 211.653717 732.217896
20.3437519 6.25047321E-3 559.957642 211.644089 731.753906
20.3312511 6.24974957E-3 800.032104 252.992355 731.397156
20.3187523 6.25000615E-3 479.999542 195.958984 730.927979
20.3062515 6.25024736E-3 559.977844 211.651718 730.471008
20.2937527 6.24948461E-3 640.052795 226.292831 730.144775
20.2812519 6.24969834E-3 1040.05017 288.458008 729.716003
20.2687511 6.25088438E-3 1039.85291 288.40329 729.18219
20.2562504 6.25008019E-3 879.988708 265.326599 728.88855
20.2437515 6.24926435E-3 960.112976 277.160736 728.609253
20.2312527 6.25040429E-3 959.937927 277.110199 728.122009
20.2187519 6.24956144E-3 400.028076 178.897995 727.889587
20.2062511 6.25066878E-3 1039.88867 288.413239 727.454407
20.1937504 6.24979893E-3 960.030884 277.137054 727.273315
20.1812515 6.24989625E-3 560.009277 211.66362 727.003662
20.1687527 6.24997867E-3 1120.00378 299.333618 726.759216
20.1562519 6.25004666E-3 1279.99048 319.99762 726.537903
20.1437511 6.25009974E-3 479.99234 195.956055 726.33905
20.1312523 6.25013839E-3 559.98761 211.655426 726.165588
20.1187515 6.24918984E-3 880.114075 265.36438 726.13855
20.1062527 6.25017285E-3 799.977844 252.975204 725.931702
20.0937519 6.25016773E-3 1039.97205 288.43634 725.908142
20.0812511 6.25014864E-3 479.988586 195.954529 725.993225
20.0687523 6.25011465E-3 639.988281 226.27002 726.230225
20.0562515 6.25006622E-3 879.990662 265.327179 726.641724
20.0437508 6.25000335E-3 639.999634 226.274048 727.21283
20.0312519 6.24992652E-3 480.005646 195.961487 727.902039
20.0187511 6.24983525E-3 560.014771 211.665695 728.668091
20.0062523 6.24972954E-3 480.020782 195.967651 729.486572
NO NO NO NO NO
21.9812527 6.25075214E-3 2399.71118 438.125305 2401.73022
21.9687519 6.24944549E-3 2000.17749 400.035492 2402.3584
21.9562511 6.25044713E-3 2159.84546 415.662445 2402.10205
21.9437523 6.24911999E-3 3120.43945 499.670197 2402.77295
21.9312534 6.25009555E-3 2479.96191 445.414337 2402.6106
21.9187527 6.2499023E-3 3040.04761 493.160858 2402.95337
21.9062519 6.25084992E-3 2319.68457 430.754608 2402.90332
21.8937511 6.24947902E-3 1760.14673 375.264557 2403.78735
21.8812523 6.25040103E-3 2639.83057 459.535522 2403.83716
21.8687515 6.25015888E-3 2559.93506 452.536835 2404.39307
21.8562508 6.2499051E-3 2000.0304 400.006073 2405.02148
21.8437519 6.24964014E-3 3040.17505 493.181519 2405.74365
21.8312511 6.25050906E-3 2959.75903 486.58139 2406.14087
21.8187523 6.24907482E-3 2560.37891 452.615326 2407.54492
21.8062515 6.25106087E-3 2239.61987 423.248383 2407.73071
21.7937508 6.24960428E-3 2080.13184 407.947388 2409.30762
21.7812519 6.25042012E-3 2959.80127 486.588318 2410.05762
21.7687511 6.24894351E-3 2880.48682 480.081146 2411.76611
21.7562523 6.25087135E-3 2319.67651 430.753143 2412.30347
21.7437515 6.24937285E-3 2400.24097 438.222015 2414.40356
21.7312527 6.25013607E-3 3119.93213 499.588989 2415.95605
21.7187519 6.24975096E-3 2240.08936 423.337097 2418.30762
21.7062531 6.25048671E-3 2879.77588 479.962646 2420.52002
21.6937523 6.25007693E-3 2399.97046 438.172668 2423.34033
21.6812515 6.24965597E-3 2480.13647 445.445679 2426.2002
21.6687527 6.25035213E-3 2879.83765 479.972961 2428.64307
21.6562519 6.24990696E-3 3440.05127 524.602905 2431.69751
21.6437531 6.24945061E-3 2240.19702 423.357422 2435.16602
21.6312523 6.2501072E-3 2639.95459 459.557129 2438.71729
21.6187515 6.25074934E-3 2479.70264 445.367737 2442.56348
21.6062527 6.24913396E-3 2480.34375 445.48288 2447.08667
21.5937519 6.25087181E-3 2079.70996 407.864655 2449.64673
21.5812511 6.24923455E-3 2800.34277 473.34433 2452.79102
21.5687523 6.24982594E-3 2560.07129 452.560944 2454.5979
21.5562534 6.25040242E-3 3119.79907 499.567688 2456.27905
21.5437527 6.24984922E-3 1920.04626 391.927826 2458.3623
21.5312519 6.25039916E-3 2559.83643 452.51944 2459.79663
21.5187511 6.24982221E-3 2880.08203 480.013672 2461.27295
21.5062523 6.25034561E-3 2079.88501 407.899017 2461.96973
21.4937515 6.24974491E-3 2160.08813 415.709167 2463.03223
21.4812527 6.25024177E-3 2479.90405 445.4039 2463.75586
21.4687519 6.24961732E-3 2400.14697 438.204865 2464.78735
21.4562531 6.2500881E-3 1839.974 383.661102 2464.68848
21.4437523 6.25054492E-3 3119.72803 499.556274 2463.4646
21.4312515 6.24988368E-3 2880.05347 480.008942 2461.66455
21.4187527 6.24921219E-3 2480.31274 445.477295 2459.44482
21.4062519 6.25073211E-3 2319.72827 430.762726 2456.53809
21.3937511 6.25003455E-3 2879.98413 479.997345 2454.90747
21.3812523 6.24932675E-3 3120.33618 499.653656 2453.58813
21.3687515 6.25080243E-3 2159.72266 415.638824 2451.55811
21.3562527 6.24897331E-3 1840.30237 383.729553 2450.88354
21.3437519 6.25042105E-3 2559.82764 452.517883 2448.92896
21.3312531 6.24966435E-3 2320.12476 430.836334 2447.71436
21.3187523 6.24998938E-3 2720.00464 466.476959 2445.7207
21.3062534 6.25030044E-3 2159.89624 415.672211 2443.13281
21.2937508 6.25059754E-3 2559.75537 452.505096 2439.875
21.2812519 6.24979241E-3 2400.07959 438.192596 2436.61108
21.2687511 6.25006435E-3 2639.9729 459.560272 2432.96069
21.2562523 6.24923687E-3 2880.35181 480.058624 2430.20703
21.2437515 6.25056727E-3 1919.82568 391.882782 2427.26001
21.2312527 6.24971464E-3 2880.13135 480.021912 2425.69312
21.2187519 6.24993397E-3 1920.02039 391.922516 2423.92041
21.2062531 6.25013886E-3 3039.93237 493.142151 2421.95801
21.1937523 6.25033025E-3 2639.86035 459.54071 2419.4917
21.1812515 6.24943059E-3 2560.2334 452.5896 2416.95581
21.1687527 6.25067344E-3 1999.78455 399.956909 2413.51465
21.1562519 6.24974864E-3 1840.07397 383.681946 2411.38794
21.1437511 6.24988833E-3 2960.05298 486.6297 2409.57837
21.1312523 6.25001406E-3 1759.99609 375.232422 2408.25732
21.1187515 6.25012629E-3 2479.94995 445.41214 2406.92896
21.1062508 6.25022501E-3 2719.9021 466.459351 2405.28711
21.0937519 6.24924153E-3 2880.34961 480.058258 2403.83667
21.0812531 6.25038333E-3 2639.83813 459.536835 2401.71533
21.0687523 6.25044154E-3 2879.79639 479.966064 2400.52002
21.0562515 6.24942174E-3 3120.28882 499.646088 2400.44385
21.0437527 6.25051977E-3 2399.80054 438.141602 2400.34961
21.0312519 6.24947529E-3 2320.19482 430.849335 2402.06958
21.0187511 6.25054445E-3 3279.71436 512.205322 2404.23657
21.0062523 6.24947622E-3 3360.28174 518.502747 2408.52393
20.9937515 6.25051605E-3 2479.79541 445.384399 2412.83936
20.9812527 6.2494236E-3 2240.20654 423.359253 2418.04712
20.9687519 6.25043456E-3 1279.91101 319.977753 2421.93091
20.9562531 6.24931883E-3 2960.32275 486.674042 2426.0332
20.9437523 6.25030091E-3 1679.91907 366.588409 2428.9397
20.9312515 6.25021383E-3 1919.93433 391.904938 2432.12427
20.9187527 6.25011371E-3 1279.97668 319.994171 2435.28564
20.9062519 6.25000056E-3 1519.99988 348.711884 2438.46606
20.8937511 6.24987436E-3 2160.04346 415.700562 2441.67554
20.8812523 6.24973513E-3 2160.09155 415.709808 2444.91479
20.8687515 6.25062967E-3 2079.79053 407.880493 2447.76758
20.8562527 6.24941709E-3 2000.18652 400.037323 2451.45679
20.8437519 6.25028322E-3 2319.89502 430.793671 2454.33813
20.8312511 6.25008997E-3 3039.9563 493.146027 2457.64282
20.8187523 6.24988414E-3 1840.03406 383.673645 2460.96387
20.8062515 6.24966575E-3 3120.16699 499.626587 2464.302
20.7937527 6.25047274E-3 2719.79419 466.440857 2467.23755
20.7812519 6.2502264E-3 2479.91016 445.404999 2470.57446
20.7687511 6.2499675E-3 1600.00842 357.772736 2473.88452
20.7562523 6.24969555E-3 2400.11694 438.199402 2477.13867
20.7437515 6.24941103E-3 2160.20361 415.731354 2480.26343
20.7312527 6.25014678E-3 2799.93433 473.275269 2482.72949
20.7187519 6.25086576E-3 2399.66748 438.11734 2484.83887
20.7062511 6.24950882E-3 2480.19482 445.456146 2487.38965
20.6937523 6.25020079E-3 1519.95117 348.700714 2488.82446
20.6812515 6.24984875E-3 3120.07544 499.611908 2490.50342
20.6687527 6.24948461E-3 3200.26392 506.006165 2492.11768
20.6562519 6.25013281E-3 2639.94385 459.555237 2493.30298
20.6437511 6.25076517E-3 2319.71582 430.760437 2494.47949
20.6312523 6.24933653E-3 2320.24634 430.858917 2496.46704
20.6187515 6.24994189E-3 2640.02466 459.569275 2497.63135
20.6062527 6.25053141E-3 3439.70776 524.550476 2498.78418
20.5937519 6.25008577E-3 1679.97693 366.601013 2500.31421
20.5812511 6.24962803E-3 2800.1665 473.314545 2501.79565
20.5687523 6.25017472E-3 2159.9397 415.680573 2502.81079
20.5562515 6.24969043E-3 2400.1189 438.199738 2504.17383
20.5437527 6.25020824E-3 2479.91748 445.406311 2505.0686
20.5312519 6.24969695E-3 2000.09692 400.019379 2506.30493
20.5187531 6.25018543E-3 2639.92163 459.551361 2507.06934
20.5062523 6.24964852E-3 3200.18018 505.992889 2508.17163
20.4937534 6.25010813E-3 2399.9585 438.170471 2508.79492
20.4812527 6.2505519E-3 2319.79517 430.775146 2509.34521
20.4687519 6.24997402E-3 2320.00977 430.814972 2510.23364
20.4562531 6.24938402E-3 1920.18921 391.95697 2511.06738
20.4437523 6.25079032E-3 2079.73706 407.869965 2511.03394
20.4312515 6.24916935E-3 2640.35083 459.626099 2512.11694
20.4187527 6.25054492E-3 2639.76978 459.524963 2511.82178
20.4062519 6.24990044E-3 3040.04834 493.16095 2512.06372
20.3937511 6.25024363E-3 3039.88135 493.133881 2511.54639
20.3812523 6.24957355E-3 2880.19653 480.032745 2511.04834
20.3687515 6.2498888E-3 1600.02844 357.777252 2509.82031
20.3562527 6.25018869E-3 2639.92041 459.551147 2508.37085
20.3437519 6.25047321E-3 2559.80615 452.514099 2506.80518
20.3312511 6.24974957E-3 2720.10913 466.494843 2505.59961
20.3187523 6.25000615E-3 1999.99805 399.999603 2504.00488
20.3062515 6.25024736E-3 3039.87964 493.133575 2502.45117
20.2937527 6.24948461E-3 2400.198 438.214172 2501.34619
20.2812519 6.24969834E-3 2800.13501 473.309204 2499.89111
20.2687511 6.25088438E-3 2319.67188 430.752228 2498.07593
20.2562504 6.25008019E-3 2079.97339 407.916351 2497.08203
20.2437515 6.24926435E-3 2640.31079 459.61911 2496.13525
20.2312527 6.25040429E-3 1999.87061 399.974121 2494.4729
20.2187519 6.24956144E-3 1600.1123 357.79599 2493.68042
20.2062511 6.25066878E-3 2479.73462 445.373474 2492.18921
20.1937504 6.24979893E-3 2240.07202 423.333832 2491.56396
20.1812515 6.24989625E-3 2640.04395 459.572632 2490.63306
20.1687527 6.24997867E-3 2160.00732 415.693604 2489.78833
20.1562519 6.25004666E-3 2319.98267 430.809967 2489.02368
20.1437511 6.25009974E-3 2159.96558 415.685547 2488.33887
20.1312523 6.25013839E-3 2959.93457 486.610229 2487.74561
20.1187515 6.24918984E-3 2320.30078 430.869019 2487.66016
20.1062527 6.25017285E-3 1919.9469 391.907501 2486.96704
20.0937519 6.25016773E-3 2079.94409 407.910614 2486.90918
20.0812511 6.25014864E-3 2159.94873 415.682312 2487.22974
20.0687523 6.25011465E-3 3039.94434 493.144073 2488.07153
20.0562515 6.25006622E-3 3119.96704 499.594543 2489.50708
20.0437508 6.25000335E-3 2079.99878 407.921326 2491.48315
20.0312519 6.24992652E-3 2000.02356 400.0047 2493.86011
20.0187511 6.24983525E-3 2480.06543 445.432892 2496.49854
20.0062523 6.24972954E-3 2320.10034 430.831818 2499.31592
NO NO NO NO NO
21.9812527 6.25075214E-3 18797.7344 1226.22913 17784.6953
21.9687519 6.24944549E-3 16641.4746 1153.87878 17788.3379
21.9562511 6.25044713E-3 19038.6348 1234.09155 17785.4199
21.9437523 6.24911999E-3 15522.1836 1114.42798 17789.2773
21.9312534 6.25009555E-3 18399.7148 1213.24146 17786.7891
21.9187527 6.2499023E-3 18000.2793 1200.01868 17787.7734
21.9062519 6.25084992E-3 20557.2031 1282.32312 17785.5156
21.8937511 6.24947902E-3 16881.4062 1162.16394 17789.7949
21.8812523 6.25040103E-3 17038.9043 1167.48657 17787.4824
21.8687515 6.25015888E-3 17359.5566 1178.4436 17788.459
21.8562508 6.2499051E-3 19440.293 1247.09546 17789.4473
21.8437519 6.24964014E-3 19041.0938 1234.25085 17790.4863
21.8312511 6.25050906E-3 18158.5195 1205.22327 17788.332
21.8187523 6.24907482E-3 17762.627 1192.14954 17792.7539
21.8062515 6.25106087E-3 19356.7129 1244.29663 17787.375
21.7937508 6.24960428E-3 17601.1113 1186.66687 17791.6562
21.7812519 6.25042012E-3 18878.7285 1228.90063 17789.3418
21.7687511 6.24894351E-3 17122.8926 1170.49683 17793.5117
21.7562523 6.25087135E-3 18557.4102 1218.35376 17788.0176
21.7437515 6.24937285E-3 18721.877 1223.88745 17792.3418
21.7312527 6.25013607E-3 18719.5898 1223.73804 17790.2832
21.7187519 6.24975096E-3 18480.7344 1215.94312 17791.5371
21.7062531 6.25048671E-3 16558.709 1150.90991 17789.6094
21.6937523 6.25007693E-3 18239.7734 1207.95862 17790.9277
21.6812515 6.24965597E-3 16720.918 1156.61023 17792.252
21.6687527 6.25035213E-3 20318.8535 1274.91833 17790.4082
21.6562519 6.24990696E-3 18240.2695 1207.99146 17791.8711
21.6437531 6.24945061E-3 17121.5039 1170.40198 17793.4375
21.6312523 6.2501072E-3 17359.6992 1178.45325 17791.8809
21.6187515 6.25074934E-3 16478.0215 1148.07825 17790.3223
21.6062527 6.24913396E-3 17122.3711 1170.46118 17795.0957
21.5937519 6.25087181E-3 17757.5195 1191.80676 17790.2617
21.5812511 6.24923455E-3 17842.1816 1194.80103 17795.0801
21.5687523 6.24982594E-3 16640.4609 1153.80847 17793.6816
21.5562534 6.25040242E-3 16958.9062 1164.74255 17792.4258
21.5437527 6.24984922E-3 21440.5137 1309.68799 17794.4023
21.5312519 6.25039916E-3 15678.9971 1119.92834 17793.1855
21.5187511 6.24982221E-3 18240.5156 1208.00781 17795.0996
21.5062523 6.25034561E-3 17119.0508 1170.23438 17793.8125
21.4937515 6.24974491E-3 16880.6875 1162.1145 17795.6855
21.4812527 6.25024177E-3 18959.2637 1231.53662 17794.4297
21.4687519 6.24961732E-3 16881.0312 1162.13818 17796.4043
21.4562531 6.2500881E-3 16959.7578 1164.80103 17795.2598
21.4437523 6.25054492E-3 17918.4355 1197.22595 17794.125
21.4312515 6.24988368E-3 18480.3418 1215.91724 17796.1367
21.4187527 6.24921219E-3 17362.1855 1178.62207 17798.1875
21.4062519 6.25073211E-3 17117.9941 1170.16199 17794.0312
21.3937511 6.25003455E-3 18239.8965 1207.9668 17796.1797
21.3812523 6.24932675E-3 15921.7129 1128.6604 17798.3242
21.3687515 6.25080243E-3 15597.9951 1116.99573 17794.2344
21.3562527 6.24897331E-3 17762.916 1192.16895 17799.5879
21.3437519 6.25042105E-3 17358.8281 1178.39417 17795.6953
21.3312531 6.24966435E-3 17840.957 1194.71887 17798.1875
21.3187523 6.24998938E-3 16320.0254 1142.63037 17797.6836
21.3062534 6.25030044E-3 16239.2178 1139.76965 17797.2305
21.2937508 6.25059754E-3 17838.293 1194.54053 17796.7051
21.2812519 6.24979241E-3 18800.6211 1226.41736 17799.1973
21.2687511 6.25006435E-3 19439.7969 1247.06372 17798.5859
21.2562523 6.24923687E-3 16241.9814 1139.96362 17801.1875
21.2437515 6.25056727E-3 18078.3555 1202.55444 17797.752
21.2312527 6.24971464E-3 17760.8086 1192.02747 17800.5938
21.2187519 6.24993397E-3 18080.1895 1202.67639 17800.3652
21.2062531 6.25013886E-3 18559.5859 1218.49658 17800.1367
21.1937523 6.25033025E-3 17679.0625 1189.22253 17799.8887
21.1812515 6.24943059E-3 17201.5664 1173.13708 17802.6934
21.1687527 6.25067344E-3 19197.9277 1239.22107 17799.332
21.1562519 6.24974864E-3 17040.6836 1167.6084 17802.0977
21.1437511 6.24988833E-3 17920.3184 1197.35168 17801.8008
21.1312523 6.25001406E-3 18159.957 1205.31873 17801.5059
21.1187515 6.25012629E-3 17839.6367 1194.63062 17801.209
21.1062508 6.25022501E-3 18719.3242 1223.72058 17800.9297
21.0937519 6.24924153E-3 14881.8047 1091.18689 17803.7402
21.0812531 6.25038333E-3 16958.957 1164.74609 17800.5195
21.0687523 6.25044154E-3 17838.7363 1194.57031 17800.3809
21.0562515 6.24942174E-3 18001.6641 1200.11096 17803.3105
21.0437527 6.25051977E-3 18238.4805 1207.87305 17800.25
21.0312519 6.24947529E-3 17761.4883 1192.07312 17803.3848
21.0187511 6.25054445E-3 16958.5215 1164.71606 17800.5898
21.0062523 6.24947622E-3 18321.5332 1210.72107 17803.9219
20.9937515 6.25051605E-3 19918.3535 1262.27441 17801.2363
20.9812527 6.2494236E-3 18561.709 1218.63599 17804.6191
20.9687519 6.25043456E-3 16478.8516 1148.13611 17802.0469
20.9562531 6.24931883E-3 17361.8906 1178.60193 17805.6016
20.9437523 6.25030091E-3 19279.0684 1241.87415 17803.2168
20.9312515 6.25021383E-3 16399.4375 1145.38647 17803.8398
20.9187527 6.25011371E-3 18479.6621 1215.87256 17804.4062
20.9062519 6.25000056E-3 15759.9961 1122.85339 17804.9531
20.8937511 6.24987436E-3 17600.3516 1186.61548 17805.5254
20.8812523 6.24973513E-3 18720.791 1223.81641 17806.1621
20.8687515 6.25062967E-3 16638.3223 1153.66016 17803.8555
20.8562527 6.24941709E-3 17681.6465 1189.39636 17807.5137
20.8437519 6.25028322E-3 18319.168 1210.56482 17805.2031
20.8312511 6.25008997E-3 20719.6992 1287.45947 17805.8906
20.8187523 6.24988414E-3 16960.3125 1164.83911 17806.6309
20.8062515 6.24966575E-3 18881.0078 1229.04895 17807.4316
20.7937527 6.25047274E-3 17118.7031 1170.21045 17805.2852
20.7812519 6.2502264E-3 17919.3477 1197.28687 17806.0469
20.7687511 6.2499675E-3 18560.0938 1218.53003 17806.7598
20.7562523 6.24969555E-3 17760.8633 1192.03113 17807.5566
20.7437515 6.24941103E-3 18641.7539 1221.26196 17808.5566
20.7312527 6.25014678E-3 16639.6074 1153.74927 17806.8066
20.7187519 6.25086576E-3 17357.5938 1178.3103 17805.1191
20.7062511 6.24950882E-3 15921.249 1128.62744 17809.2559
20.6937523 6.25020079E-3 18319.4102 1210.58069 17807.4941
20.6812515 6.24984875E-3 17680.4258 1189.31421 17808.752
20.6687527 6.24948461E-3 18161.4961 1205.4209 17810.1367
20.6562519 6.25013281E-3 16159.6543 1136.98938 17808.6797
20.6437511 6.25076517E-3 17197.8926 1172.8866 17807.2227
20.6312523 6.24933653E-3 20802.2051 1290.09814 17811.5664
20.6187515 6.24994189E-3 16480.1504 1148.22656 17810.0547
20.6062527 6.25053141E-3 18878.3926 1228.87878 17808.543
20.5937519 6.25008577E-3 18799.7402 1226.35986 17809.9316
20.5812511 6.24962803E-3 17601.0449 1186.66223 17811.3398
20.5687523 6.25017472E-3 18879.4688 1228.94885 17809.9238
20.5562515 6.24969043E-3 18160.8965 1205.3811 17811.5176
20.5437527 6.25020824E-3 17119.4277 1170.26013 17810.3027
20.5312519 6.24969695E-3 17920.8652 1197.38831 17812.0254
20.5187531 6.25018543E-3 16479.5078 1148.18188 17810.9062
20.5062523 6.24964852E-3 18801.0547 1226.44568 17812.7266
20.4937534 6.25010813E-3 17119.7012 1170.27881 17811.6777
20.4812527 6.2505519E-3 16558.5352 1150.89783 17810.6035
20.4687519 6.24997402E-3 18240.0723 1207.97839 17812.3516
20.4562531 6.24938402E-3 17601.7324 1186.70862 17814.1074
20.4437523 6.25079032E-3 16717.8828 1156.40027 17810.209
20.4312515 6.24916935E-3 17122.2734 1170.45459 17814.9961
20.4187527 6.25054492E-3 17838.4434 1194.55054 17811.2559
20.4062519 6.24990044E-3 16800.2656 1159.32849 17813.2344
20.3937511 6.25024363E-3 18319.2832 1210.57239 17812.3652
20.3812523 6.24957355E-3 20401.3887 1277.58459 17814.4238
20.3687515 6.2498888E-3 16800.2969 1159.33069 17813.7617
20.3562527 6.25018869E-3 17279.4766 1175.71948 17813.2109
20.3437519 6.25047321E-3 14958.8662 1093.90063 17812.6895
20.3312511 6.24974957E-3 16640.666 1153.82263 17814.9727
20.3187523 6.25000615E-3 17919.9805 1197.3291 17814.4121
20.3062515 6.25024736E-3 19759.2148 1257.24878 17813.9219
20.2937527 6.24948461E-3 19521.6074 1249.74292 17816.3809
20.2812519 6.24969834E-3 17120.8242 1170.35547 17816.1172
20.2687511 6.25088438E-3 15437.8135 1111.23816 17813.0566
20.2562504 6.25008019E-3 17679.7715 1189.27014 17815.5664
20.2437515 6.24926435E-3 20242.3789 1272.62756 17818.0625
20.2312527 6.25040429E-3 17198.8848 1172.95435 17815.0371
20.2187519 6.24956144E-3 18561.3008 1218.60913 17817.7422
20.2062511 6.25066878E-3 18638.002 1221.01624 17814.8984
20.1937504 6.24979893E-3 17440.5586 1181.22375 17817.6426
20.1812515 6.24989625E-3 17440.2871 1181.20544 17817.5957
20.1687527 6.24997867E-3 18240.0605 1207.97754 17817.5996
20.1562519 6.25004666E-3 16719.873 1156.53784 17817.6211
20.1437511 6.25009974E-3 17519.7188 1183.87292 17817.6191
20.1312523 6.25013839E-3 18879.5801 1228.95605 17817.6074
20.1187515 6.24918984E-3 17442.2578 1181.33887 17820.4473
20.1062527 6.25017285E-3 20799.4219 1289.92542 17817.8691
20.0937519 6.25016773E-3 17439.5293 1181.15405 17818.1465
20.0812511 6.25014864E-3 17199.5898 1173.00232 17818.4121
20.0687523 6.25011465E-3 17359.6797 1178.4519 17818.6211
20.0562515 6.25006622E-3 17999.8066 1199.98718 17818.7891
20.0437508 6.25000335E-3 18239.9883 1207.97278 17818.9766
20.0312519 6.24992652E-3 17600.2051 1186.60559 17819.2402
20.0187511 6.24983525E-3 17440.457 1181.21692 17819.6055
20.0062523 6.24972954E-3 20080.8672 1267.49316 17820.082
NO NO NO NO NO
21.9812527 6.25075214E-3 1919.76892 391.871185 2195.94849
21.9687519 6.24944549E-3 2240.19873 423.357788 2196.39819
21.9562511 6.25044713E-3 1839.86841 383.639069 2196.03784
21.9437523 6.24911999E-3 2080.29297 407.979034 2196.51392
21.9312534 6.25009555E-3 2479.96191 445.414337 2196.20654
21.9187527 6.2499023E-3 2000.03137 400.006256 2196.32788
21.9062519 6.25084992E-3 1999.72815 399.945618 2196.04956
21.8937511 6.24947902E-3 1520.12671 348.740997 2196.57837
21.8812523 6.25040103E-3 1599.89734 357.747925 2196.29395
21.8687515 6.25015888E-3 2319.94116 430.802246 2196.41553
21.8562508 6.2499051E-3 2880.0437 480.007294 2196.53857
21.8437519 6.24964014E-3 1760.10132 375.254852 2196.66772
21.8312511 6.25050906E-3 2079.83057 407.888336 2196.40259
21.8187523 6.24907482E-3 1920.28418 391.976379 2196.94922
21.8062515 6.25106087E-3 1759.70142 375.169586 2196.28564
21.7937508 6.24960428E-3 2160.13672 415.718506 2196.81494
21.7812519 6.25042012E-3 1599.89246 357.746857 2196.52979
21.7687511 6.24894351E-3 2000.33813 400.067627 2197.04541
21.7562523 6.25087135E-3 1839.74353 383.613037 2196.36792
21.7437515 6.24937285E-3 1840.18469 383.705048 2196.90234
21.7312527 6.25013607E-3 2159.95312 415.683167 2196.64868
21.7187519 6.24975096E-3 1680.06702 366.620667 2196.80396
21.7062531 6.25048671E-3 2159.83179 415.659821 2196.56689
21.6937523 6.25007693E-3 2399.97046 438.172668 2196.73071
21.6812515 6.24965597E-3 3120.17163 499.62735 2196.89551
21.6687527 6.25035213E-3 1999.88733 399.977478 2196.66919
21.6562519 6.24990696E-3 1760.02625 375.238861 2196.85059
21.6437531 6.24945061E-3 1760.15479 375.266266 2197.04419
21.6312523 6.2501072E-3 1599.97253 357.76474 2196.85107
21.6187515 6.25074934E-3 3279.60669 512.188538 2196.65674
21.6062527 6.24913396E-3 2160.29932 415.749817 2197.2439
21.5937519 6.25087181E-3 2639.63184 459.500916 2196.64526
21.5812511 6.24923455E-3 2240.27441 423.37204 2197.23877
21.5687523 6.24982594E-3 2560.07129 452.560944 2197.06543
21.5562534 6.25040242E-3 2559.83521 452.519196 2196.9104
21.5437527 6.24984922E-3 2160.052 415.702209 2197.15454
21.5312519 6.25039916E-3 1839.88245 383.642029 2197.00488
21.5187511 6.24982221E-3 2080.05908 407.933167 2197.24194
21.5062523 6.25034561E-3 2159.88062 415.66922 2197.08374
21.4937515 6.24974491E-3 2480.10132 445.439331 2197.31543
21.4812527 6.25024177E-3 2559.90088 452.530823 2197.15991
21.4687519 6.24961732E-3 2320.14209 430.839569 2197.40186
21.4562531 6.2500881E-3 2239.96826 423.31424 2197.25757
21.4437523 6.25054492E-3 1519.86755 348.681519 2197.11353
21.4312515 6.24988368E-3 2320.04321 430.821198 2197.35742
21.4187527 6.24921219E-3 2480.31274 445.477295 2197.60596
21.4062519 6.25073211E-3 2239.73779 423.27063 2197.08813
21.3937511 6.25003455E-3 2319.9873 430.810822 2197.34863
21.3812523 6.24932675E-3 2720.29297 466.526428 2197.60889
21.3687515 6.25080243E-3 3359.5686 518.3927 2197.09888
21.3562527 6.24897331E-3 1680.276 366.66629 2197.75439
21.3437519 6.25042105E-3 2159.85449 415.664215 2197.26685
21.3312531 6.24966435E-3 2160.11597 415.714539 2197.56543
21.3187523 6.24998938E-3 2320.00391 430.813934 2197.49219
21.3062534 6.25030044E-3 2639.87305 459.542938 2197.42334
21.2937508 6.25059754E-3 2479.76294 445.378571 2197.34595
21.2812519 6.24979241E-3 2240.07446 423.334259 2197.64307
21.2687511 6.25006435E-3 1919.98022 391.914337 2197.56079
21.2562523 6.24923687E-3 2400.29321 438.231567 2197.87891
21.2437515 6.25056727E-3 2319.78931 430.774078 2197.45532
21.2312527 6.24971464E-3 1680.07666 366.622772 2197.80835
21.2187519 6.24993397E-3 1680.01782 366.609955 2197.78394
21.2062531 6.25013886E-3 2159.9519 415.682953 2197.75952
21.1937523 6.25033025E-3 2479.8689 445.397614 2197.7334
21.1812515 6.24943059E-3 3440.31348 524.642883 2198.08447
21.1687527 6.25067344E-3 2319.75 430.766754 2197.6748
21.1562519 6.24974864E-3 2960.1189 486.640564 2198.021
21.1437511 6.24988833E-3 2800.05005 473.294861 2197.98853
21.1312523 6.25001406E-3 2639.99414 459.563995 2197.9563
21.1187515 6.25012629E-3 2159.9563 415.683807 2197.92407
21.1062508 6.25022501E-3 2239.91943 423.304962 2197.89551
21.0937519 6.24924153E-3 2080.25244 407.971069 2198.25146
21.0812531 6.25038333E-3 3359.79395 518.42749 2197.86816
21.0687523 6.25044154E-3 1919.86426 391.890656 2197.87207
21.0562515 6.24942174E-3 1440.1333 339.442657 2198.26123
21.0437527 6.25051977E-3 1759.85364 375.202057 2197.91187
21.0312519 6.24947529E-3 1760.14771 375.264771 2198.32129
21.0187511 6.25054445E-3 1839.83972 383.633118 2197.98608
21.0062523 6.24947622E-3 1600.13416 357.800873 2198.39526
20.9937515 6.25051605E-3 2479.79541 445.384399 2198.05518
20.9812527 6.2494236E-3 2320.21387 430.852905 2198.46436
20.9687519 6.25043456E-3 3039.78857 493.118835 2198.13989
20.9562531 6.24931883E-3 2160.23535 415.737518 2198.57324
20.9437523 6.25030091E-3 2239.89209 423.299835 2198.27368
20.9312515 6.25021383E-3 1999.93152 399.986328 2198.34644
20.9187527 6.25011371E-3 2479.95483 445.413055 2198.41309
20.9062519 6.25000056E-3 1839.99988 383.666504 2198.47729
20.8937511 6.24987436E-3 1920.03857 391.926239 2198.54541
20.8812523 6.24973513E-3 2400.10156 438.196594 2198.62158
20.8687515 6.25062967E-3 1999.79858 399.959717 2198.33447
20.8562527 6.24941709E-3 1440.13428 339.442902 2198.78467
20.8437519 6.25028322E-3 1839.91663 383.649139 2198.49878
20.8312511 6.25008997E-3 2399.96533 438.171722 2198.58325
20.8187523 6.24988414E-3 1760.03259 375.240204 2198.67432
20.8062515 6.24966575E-3 2640.14136 459.5896 2198.77344
20.7937527 6.25047274E-3 2799.78809 473.25058 2198.50806
20.7812519 6.2502264E-3 2399.91309 438.16217 2198.60205
20.7687511 6.2499675E-3 1920.01001 391.92041 2198.6897
20.7562523 6.24969555E-3 2160.10522 415.712463 2198.7876
20.7437515 6.24941103E-3 3200.30151 506.012115 2198.91064
20.7312527 6.25014678E-3 2159.94922 415.682434 2198.69434
20.7187519 6.25086576E-3 2079.71191 407.865051 2198.4856
20.7062511 6.24950882E-3 2240.17603 423.353485 2198.99609
20.6937523 6.25020079E-3 2799.91016 473.271179 2198.77808
20.6812515 6.24984875E-3 2000.04834 400.009674 2198.93237
20.6687527 6.24948461E-3 2560.21118 452.585663 2199.10205
20.6562519 6.25013281E-3 1519.96765 348.704498 2198.92041
20.6437511 6.25076517E-3 2239.72583 423.268372 2198.73926
20.6312523 6.24933653E-3 1520.16138 348.748932 2199.2749
20.6187515 6.24994189E-3 2000.01855 400.003723 2199.08765
20.6062527 6.25053141E-3 2719.7688 466.436493 2198.90088
20.5937519 6.25008577E-3 1519.97913 348.707123 2199.07227
20.5812511 6.24962803E-3 2640.15698 459.592346 2199.24609
20.5687523 6.25017472E-3 2079.94189 407.910156 2199.07129
20.5562515 6.24969043E-3 2240.11084 423.341156 2199.26855
20.5437527 6.25020824E-3 1599.94678 357.758972 2199.11865
20.5312519 6.24969695E-3 3360.16284 518.484375 2199.33105
20.5187531 6.25018543E-3 2239.93335 423.307648 2199.19214
20.5062523 6.24964852E-3 2400.13501 438.202698 2199.41602
20.4937534 6.25010813E-3 1919.9668 391.911591 2199.28564
20.4812527 6.2505519E-3 1839.83752 383.632629 2199.1521
20.4687519 6.24997402E-3 2640.01099 459.566925 2199.36694
20.4562531 6.24938402E-3 1760.17346 375.270233 2199.58325
20.4437523 6.25079032E-3 2079.73706 407.869965 2199.10181
20.4312515 6.24916935E-3 2320.30835 430.870453 2199.69238
20.4187527 6.25054492E-3 2399.79077 438.139862 2199.23047
20.4062519 6.24990044E-3 2480.03955 445.428223 2199.47437
20.3937511 6.25024363E-3 1679.93445 366.591766 2199.3667
20.3812523 6.24957355E-3 1760.12 375.25885 2199.62061
20.3687515 6.2498888E-3 2240.03979 423.327759 2199.53809
20.3562527 6.25018869E-3 1919.94214 391.906525 2199.46899
20.3437519 6.25047321E-3 2719.79419 466.440857 2199.40356
20.3312511 6.24974957E-3 2320.09302 430.830475 2199.68481
20.3187523 6.25000615E-3 1839.99817 383.666138 2199.61523
20.3062515 6.25024736E-3 2479.90186 445.403503 2199.55469
20.2937527 6.24948461E-3 2160.17822 415.726471 2199.85815
20.2812519 6.24969834E-3 1200.05786 309.853607 2199.82593
20.2687511 6.25088438E-3 1679.76233 366.554199 2199.44824
20.2562504 6.25008019E-3 2079.97339 407.916351 2199.75854
20.2437515 6.24926435E-3 2320.27295 430.863892 2200.06714
20.2312527 6.25040429E-3 1839.88098 383.641693 2199.69385
20.2187519 6.24956144E-3 2480.17407 445.452423 2200.02808
20.2062511 6.25066878E-3 1599.82874 357.732574 2199.67676
20.1937504 6.24979893E-3 2800.09009 473.301605 2200.01538
20.1812515 6.24989625E-3 2320.03857 430.820343 2200.00977
20.1687527 6.24997867E-3 2480.00854 445.422668 2200.0105
20.1562519 6.25004666E-3 2559.98096 452.544983 2200.01343
20.1437511 6.25009974E-3 1759.97192 375.227264 2200.01392
20.1312523 6.25013839E-3 2239.95044 423.310852 2200.01318
20.1187515 6.24918984E-3 2960.38379 486.684082 2200.36475
20.1062527 6.25017285E-3 1599.95569 357.760986 2200.04712
20.0937519 6.25016773E-3 2479.93335 445.40918 2200.08203
20.0812511 6.25014864E-3 1999.95251 399.990509 2200.11548
20.0687523 6.25011465E-3 2799.94873 473.27771 2200.14087
20.0562515 6.25006622E-3 2159.97705 415.687805 2200.16138
20.0437508 6.25000335E-3 2799.99854 473.286133 2200.18408
20.0312519 6.24992652E-3 1680.01978 366.610382 2200.21631
20.0187511 6.24983525E-3 1840.04858 383.676636 2200.26147
20.0062523 6.24972954E-3 2560.11084 452.567932 2200.32007
