21.994 6 6.838
21.981 6 6.838
21.969 4 6.838
21.956 6 6.838
21.944 2 6.838
21.931 9 6.839
21.919 5 6.839
21.906 5 6.839
21.894 7 6.839
21.881 6 6.839
21.869 14 6.839
21.856 6 6.839
21.844 7 6.839
21.831 7 6.840
21.819 8 6.840
21.806 6 6.840
21.794 9 6.840
21.781 4 6.840
21.769 4 6.840
21.756 11 6.840
21.744 8 6.840
21.731 7 6.840
21.719 3 6.840
21.706 7 6.840
21.694 7 6.840
21.681 15 6.840
21.669 4 6.840
21.656 4 6.840
21.644 5 6.840
21.631 9 6.841
21.619 10 6.841
21.606 4 6.841
21.594 8 6.841
21.581 5 6.841
21.569 11 6.841
21.556 6 6.841
21.544 5 6.841
21.531 5 6.841
21.519 4 6.841
21.506 7 6.842
21.494 8 6.842
21.481 6 6.842
21.469 5 6.842
21.456 4 6.842
21.444 4 6.842
21.431 5 6.842
21.419 10 6.842
21.406 4 6.842
21.394 5 6.842
21.381 10 6.842
21.369 12 6.842
21.356 7 6.842
21.344 8 6.842
21.331 5 6.842
21.319 8 6.842
21.306 9 6.843
21.294 6 6.843
21.281 9 6.843
21.269 11 6.843
21.256 7 6.843
21.244 7 6.843
21.231 4 6.843
21.219 4 6.843
21.206 3 6.843
21.194 6 6.844
21.181 11 6.844
21.169 5 6.844
21.156 8 6.844
21.144 10 6.844
21.131 10 6.844
21.119 7 6.844
21.106 10 6.844
21.094 1 6.844
21.081 9 6.844
21.069 8 6.844
21.056 7 6.844
21.044 5 6.844
21.031 6 6.844
21.019 4 6.844
21.006 3 6.844
20.994 9 6.844
20.981 7 6.844
20.969 7 6.845
20.956 6 6.845
20.944 4 6.845
20.931 8 6.845
20.919 9 6.845
20.906 7 6.845
20.894 8 6.845
20.881 8 6.845
20.869 3 6.846
20.856 4 6.846
20.844 4 6.846
20.831 9 6.846
20.819 3 6.846
20.806 7 6.846
20.794 3 6.846
20.781 6 6.846
20.769 6 6.846
20.756 6 6.846
20.744 10 6.846
20.731 2 6.846
20.719 8 6.846
20.706 5 6.846
20.694 10 6.846
20.681 5 6.847
20.669 9 6.847
20.656 6 6.847
20.644 9 6.847
20.631 6 6.847
20.619 9 6.847
20.606 11 6.847
20.594 5 6.847
20.581 8 6.847
20.569 2 6.848
20.556 5 6.848
20.544 5 6.848
20.531 15 6.848
20.519 8 6.848
20.506 5 6.848
20.494 7 6.848
20.481 7 6.848
20.469 10 6.848
20.456 3 6.848
20.444 9 6.848
20.431 7 6.848
20.419 8 6.849
20.406 9 6.849
20.394 4 6.849
20.381 7 6.849
20.369 7 6.849
20.356 5 6.849
20.344 8 6.849
20.331 7 6.849
20.319 6 6.849
20.306 7 6.849
20.294 6 6.849
20.281 8 6.849
20.269 6 6.850
20.256 5 6.850
20.244 8 6.850
20.231 4 6.850
20.219 6 6.850
20.206 7 6.850
20.194 9 6.850
20.181 5 6.850
20.169 10 6.850
20.156 7 6.850
20.144 10 6.850
20.131 7 6.850
20.119 10 6.850
20.106 5 6.851
20.094 11 6.851
20.081 6 6.851
20.069 10 6.851
20.056 9 6.851
20.044 9 6.851
20.031 4 6.851
20.019 7 6.851
20.006 10 6.851
19.994 8 6.851
