21.994 6 6.410
21.981 6 6.410
21.969 7 6.410
21.956 6 6.410
21.944 9 6.410
21.931 7 6.410
21.919 8 6.411
21.906 4 6.411
21.894 4 6.411
21.881 4 6.411
21.869 7 6.411
21.856 10 6.411
21.844 4 6.411
21.831 6 6.411
21.819 4 6.411
21.806 5 6.412
21.794 6 6.412
21.781 4 6.412
21.769 4 6.412
21.756 4 6.412
21.744 3 6.412
21.731 6 6.412
21.719 9 6.412
21.706 6 6.412
21.694 6 6.412
21.681 7 6.412
21.669 6 6.412
21.656 5 6.412
21.644 8 6.412
21.631 2 6.412
21.619 1 6.412
21.606 10 6.412
21.594 7 6.412
21.581 7 6.412
21.569 5 6.413
21.556 6 6.413
21.544 7 6.413
21.531 5 6.413
21.519 5 6.413
21.506 6 6.413
21.494 11 6.413
21.481 9 6.413
21.469 7 6.413
21.456 11 6.413
21.444 5 6.413
21.431 4 6.413
21.419 7 6.414
21.406 6 6.414
21.394 7 6.414
21.381 9 6.414
21.369 7 6.414
21.356 4 6.414
21.344 3 6.414
21.331 10 6.414
21.319 5 6.414
21.306 6 6.414
21.294 6 6.414
21.281 7 6.414
21.269 3 6.414
21.256 10 6.414
21.244 9 6.414
21.231 10 6.415
21.219 6 6.415
21.206 12 6.415
21.194 5 6.415
21.181 6 6.415
21.169 7 6.415
21.156 8 6.415
21.144 14 6.415
21.131 8 6.415
21.119 4 6.415
21.106 3 6.415
21.094 9 6.415
21.081 6 6.415
21.069 2 6.415
21.056 5 6.415
21.044 6 6.415
21.031 5 6.416
21.019 6 6.416
21.006 7 6.416
20.994 6 6.416
20.981 4 6.416
20.969 9 6.416
20.956 7 6.416
20.944 13 6.416
20.931 7 6.416
20.919 6 6.417
20.906 9 6.417
20.894 4 6.417
20.881 8 6.417
20.869 7 6.417
20.856 6 6.417
20.844 5 6.417
20.831 5 6.417
20.819 6 6.417
20.806 9 6.417
20.794 7 6.417
20.781 4 6.417
20.769 6 6.417
20.756 5 6.417
20.744 14 6.417
20.731 8 6.417
20.719 9 6.418
20.706 9 6.418
20.694 9 6.418
20.681 7 6.418
20.669 8 6.418
20.656 3 6.418
20.644 5 6.418
20.631 3 6.418
20.619 4 6.418
20.606 9 6.419
20.594 3 6.419
20.581 10 6.419
20.569 8 6.419
20.556 8 6.419
20.544 6 6.419
20.531 7 6.419
20.519 8 6.419
20.506 6 6.419
20.494 3 6.420
20.481 8 6.420
20.469 11 6.420
20.456 7 6.420
20.444 4 6.420
20.431 6 6.420
20.419 8 6.420
20.406 9 6.420
20.394 5 6.420
20.381 3 6.420
20.369 4 6.420
20.356 7 6.420
20.344 9 6.420
20.331 2 6.420
20.319 8 6.420
20.306 7 6.420
20.294 7 6.420
20.281 3 6.421
20.269 2 6.421
20.256 8 6.421
20.244 7 6.421
20.231 5 6.421
20.219 8 6.421
20.206 4 6.421
20.194 7 6.421
20.181 9 6.421
20.169 10 6.421
20.156 11 6.421
20.144 1 6.421
20.131 6 6.422
20.119 8 6.422
20.106 3 6.422
20.094 6 6.422
20.081 4 6.422
20.069 12 6.422
20.056 3 6.422
20.044 9 6.422
20.031 3 6.422
20.019 3 6.422
20.006 5 6.422
19.994 4 6.422
