21.994 18 27.186
21.981 35 27.186
21.969 27 27.186
21.956 30 27.186
21.944 28 27.186
21.931 28 27.186
21.919 32 27.187
21.906 23 27.188
21.894 24 27.188
21.881 30 27.189
21.869 29 27.189
21.856 29 27.190
21.844 33 27.190
21.831 25 27.191
21.819 35 27.191
21.806 26 27.192
21.794 27 27.192
21.781 22 27.192
21.769 16 27.192
21.756 30 27.192
21.744 23 27.192
21.731 19 27.192
21.719 21 27.192
21.706 31 27.192
21.694 18 27.193
21.681 30 27.193
21.669 22 27.193
21.656 22 27.193
21.644 29 27.194
21.631 25 27.194
21.619 30 27.195
21.606 33 27.195
21.594 31 27.195
21.581 21 27.195
21.569 19 27.196
21.556 27 27.196
21.544 41 27.197
21.531 29 27.198
21.519 45 27.198
21.506 27 27.198
21.494 24 27.198
21.481 39 27.199
21.469 21 27.199
21.456 28 27.199
21.444 27 27.200
21.431 24 27.200
21.419 26 27.200
21.406 24 27.200
21.394 24 27.200
21.381 23 27.200
21.369 25 27.201
21.356 17 27.201
21.344 30 27.201
21.331 19 27.202
21.319 23 27.202
21.306 21 27.203
21.294 31 27.204
21.281 30 27.204
21.269 34 27.204
21.256 28 27.205
21.244 31 27.205
21.231 40 27.206
21.219 25 27.207
21.206 22 27.207
21.194 23 27.208
21.181 33 27.208
21.169 33 27.208
21.156 28 27.208
21.144 24 27.208
21.131 32 27.209
21.119 26 27.209
21.106 31 27.209
21.094 24 27.209
21.081 26 27.209
21.069 22 27.209
21.056 33 27.209
21.044 32 27.209
21.031 18 27.209
21.019 26 27.209
21.006 28 27.210
20.994 24 27.210
20.981 21 27.211
20.969 32 27.211
20.956 29 27.212
20.944 37 27.212
20.931 23 27.213
20.919 33 27.213
20.906 28 27.214
20.894 26 27.214
20.881 35 27.214
20.869 35 27.215
20.856 26 27.215
20.844 25 27.215
20.831 33 27.216
20.819 30 27.216
20.806 28 27.216
20.794 29 27.216
20.781 26 27.216
20.769 30 27.216
20.756 21 27.216
20.744 24 27.217
20.731 21 27.217
20.719 26 27.218
20.706 23 27.218
20.694 25 27.219
20.681 21 27.219
20.669 26 27.219
20.656 24 27.220
20.644 16 27.221
20.631 34 27.221
20.619 33 27.221
20.606 28 27.222
20.594 30 27.222
20.581 19 27.222
20.569 22 27.222
20.556 27 27.222
20.544 31 27.223
20.531 27 27.223
20.519 29 27.224
20.506 33 27.224
20.494 26 27.225
20.481 25 27.225
20.469 30 27.225
20.456 29 27.225
20.444 27 27.225
20.431 30 27.225
20.419 23 27.226
20.406 24 27.226
20.394 22 27.226
20.381 25 27.226
20.369 27 27.227
20.356 28 27.227
20.344 27 27.228
20.331 27 27.228
20.319 29 27.228
20.306 24 27.229
20.294 26 27.229
20.281 25 27.230
20.269 31 27.230
20.256 33 27.230
20.244 32 27.231
20.231 27 27.231
20.219 31 27.231
20.206 28 27.232
20.194 27 27.232
20.181 19 27.233
20.169 29 27.233
20.156 24 27.233
20.144 23 27.234
20.131 29 27.234
20.119 27 27.234
20.106 39 27.234
20.094 23 27.235
20.081 25 27.235
20.069 33 27.235
20.056 34 27.235
20.044 24 27.235
20.031 25 27.235
20.019 25 27.235
20.006 29 27.236
19.994 35 27.236
