21.994 2 3.947
21.981 2 3.947
21.969 3 3.948
21.956 4 3.948
21.944 4 3.948
21.931 5 3.948
21.919 5 3.949
21.906 1 3.949
21.894 2 3.950
21.881 6 3.950
21.869 7 3.951
21.856 2 3.952
21.844 8 3.953
21.831 7 3.954
21.819 7 3.956
21.806 2 3.957
21.794 5 3.959
21.781 4 3.961
21.769 4 3.962
21.756 5 3.965
21.744 2 3.967
21.731 9 3.970
21.719 3 3.974
21.706 3 3.978
21.694 4 3.982
21.681 6 3.987
21.669 5 3.991
21.656 6 3.996
21.644 1 4.001
21.631 4 4.007
21.619 3 4.014
21.606 6 4.021
21.594 5 4.026
21.581 3 4.030
21.569 4 4.033
21.556 9 4.036
21.544 3 4.040
21.531 7 4.042
21.519 7 4.044
21.506 5 4.046
21.494 3 4.047
21.481 4 4.049
21.469 4 4.050
21.456 5 4.050
21.444 5 4.049
21.431 2 4.045
21.419 6 4.041
21.406 2 4.038
21.394 4 4.035
21.381 4 4.033
21.369 3 4.031
21.356 4 4.029
21.344 4 4.027
21.331 5 4.025
21.319 1 4.022
21.306 2 4.019
21.294 5 4.014
21.281 6 4.008
21.269 3 4.002
21.256 3 3.997
21.244 2 3.992
21.231 7 3.989
21.219 4 3.986
21.206 4 3.982
21.194 2 3.978
21.181 2 3.973
21.169 3 3.968
21.156 0 3.964
21.144 5 3.961
21.131 4 3.959
21.119 5 3.957
21.106 3 3.954
21.094 6 3.951
21.081 5 3.948
21.069 6 3.946
21.056 2 3.946
21.044 5 3.946
21.031 3 3.948
21.019 4 3.953
21.006 8 3.959
20.994 3 3.967
20.981 3 3.974
20.969 1 3.981
20.956 7 3.987
20.944 2 3.993
20.931 1 3.998
20.919 3 4.003
20.906 2 4.008
20.894 2 4.013
20.881 4 4.018
20.869 6 4.024
20.856 1 4.029
20.844 5 4.034
20.831 4 4.040
20.819 1 4.045
20.806 2 4.050
20.794 8 4.056
20.781 9 4.061
20.769 3 4.066
20.756 4 4.071
20.744 0 4.076
20.731 4 4.081
20.719 3 4.085
20.706 2 4.088
20.694 6 4.091
20.681 9 4.093
20.669 8 4.096
20.656 1 4.098
20.644 2 4.100
20.631 3 4.103
20.619 5 4.105
20.606 4 4.107
20.594 6 4.110
20.581 3 4.112
20.569 4 4.114
20.556 3 4.116
20.544 4 4.118
20.531 5 4.119
20.519 4 4.121
20.506 4 4.122
20.494 7 4.124
20.481 2 4.125
20.469 2 4.126
20.456 3 4.127
20.444 2 4.128
20.431 4 4.128
20.419 2 4.129
20.406 5 4.129
20.394 5 4.128
20.381 3 4.127
20.369 2 4.125
20.356 5 4.123
20.344 5 4.121
20.331 5 4.118
20.319 2 4.116
20.306 7 4.113
20.294 2 4.111
20.281 7 4.109
20.269 7 4.107
20.256 3 4.104
20.244 5 4.102
20.231 2 4.100
20.219 0 4.098
20.206 5 4.097
20.194 3 4.095
20.181 5 4.094
20.169 2 4.092
20.156 2 4.091
20.144 5 4.090
20.131 2 4.089
20.119 4 4.088
20.106 3 4.088
20.094 5 4.088
20.081 4 4.088
20.069 7 4.089
20.056 5 4.092
20.044 4 4.095
20.031 6 4.099
20.019 6 4.103
20.006 5 4.108
19.994 4 4.112
