Spectrum 0:
mu_hat=8.962264150943396
Cmin=190.72178551295988

chi2=0.07772909170386946
Normality=162.4765051311288 18.40497711359244 0.12486872542285817
Theory=161.40309155103301 18.285847146701435 0.108856426644814
bootstrap=0.128

Spectrum 1:
30.70440251572327
167.67470433669948

161.20999252914046 18.156093300684777 0.7217934366618719

0.69

0.5681056959903558

158.89290496786083
17.936040756993258
0.6244045932820617

Spectrum 2:
222.54088050314465
153.4586229120282

159.20485516451728 18.014635642960776 0.7497448875096602

0.76

0.8255930010171502

158.1178797984254
17.844746758393292
0.794015672235555

Spectrum 3:
27.47798742138365
171.3860329239938

160.81441522421565 18.134159452798773 0.5599154722379189

0.548

0.44129587980030155

159.00197730633042
17.94918153442789
0.4902250067686479
