21.994 6 6.838
21.981 7 6.838
21.969 7 6.838
21.956 8 6.838
21.944 4 6.838
21.931 7 6.839
21.919 6 6.839
21.906 10 6.839
21.894 4 6.839
21.881 3 6.839
21.869 7 6.839
21.856 8 6.839
21.844 7 6.839
21.831 6 6.840
21.819 5 6.840
21.806 8 6.840
21.794 4 6.840
21.781 8 6.840
21.769 6 6.840
21.756 5 6.840
21.744 8 6.840
21.731 9 6.840
21.719 2 6.840
21.706 8 6.840
21.694 3 6.840
21.681 4 6.840
21.669 7 6.840
21.656 6 6.840
21.644 4 6.840
21.631 5 6.841
21.619 16 6.841
21.606 4 6.841
21.594 7 6.841
21.581 9 6.841
21.569 10 6.841
21.556 7 6.841
21.544 8 6.841
21.531 7 6.841
21.519 10 6.841
21.506 4 6.842
21.494 5 6.842
21.481 9 6.842
21.469 6 6.842
21.456 6 6.842
21.444 6 6.842
21.431 12 6.842
21.419 9 6.842
21.406 9 6.842
21.394 7 6.842
21.381 7 6.842
21.369 5 6.842
21.356 5 6.842
21.344 6 6.842
21.331 4 6.842
21.319 9 6.842
21.306 11 6.843
21.294 9 6.843
21.281 4 6.843
21.269 4 6.843
21.256 9 6.843
21.244 8 6.843
21.231 4 6.843
21.219 7 6.843
21.206 6 6.843
21.194 14 6.844
21.181 15 6.844
21.169 9 6.844
21.156 12 6.844
21.144 6 6.844
21.131 4 6.844
21.119 12 6.844
21.106 4 6.844
21.094 8 6.844
21.081 12 6.844
21.069 3 6.844
21.056 2 6.844
21.044 5 6.844
21.031 5 6.844
21.019 5 6.844
21.006 5 6.844
20.994 11 6.844
20.981 9 6.844
20.969 9 6.845
20.956 9 6.845
20.944 6 6.845
20.931 2 6.845
20.919 10 6.845
20.906 7 6.845
20.894 8 6.845
20.881 7 6.845
20.869 8 6.846
20.856 5 6.846
20.844 8 6.846
20.831 9 6.846
20.819 3 6.846
20.806 7 6.846
20.794 11 6.846
20.781 11 6.846
20.769 7 6.846
20.756 9 6.846
20.744 4 6.846
20.731 7 6.846
20.719 4 6.846
20.706 9 6.846
20.694 9 6.846
20.681 7 6.847
20.669 7 6.847
20.656 2 6.847
20.644 6 6.847
20.631 5 6.847
20.619 5 6.847
20.606 7 6.847
20.594 4 6.848
20.581 6 6.848
20.569 6 6.848
20.556 5 6.848
20.544 2 6.848
20.531 8 6.848
20.519 4 6.848
20.506 12 6.848
20.494 9 6.848
20.481 5 6.848
20.469 6 6.848
20.456 6 6.848
20.444 7 6.848
20.431 9 6.848
20.419 6 6.849
20.406 7 6.849
20.394 7 6.849
20.381 6 6.849
20.369 6 6.849
20.356 5 6.849
20.344 10 6.849
20.331 6 6.849
20.319 4 6.849
20.306 8 6.849
20.294 6 6.849
20.281 1 6.849
20.269 3 6.850
20.256 6 6.850
20.244 6 6.850
20.231 7 6.850
20.219 5 6.850
20.206 3 6.850
20.194 12 6.850
20.181 7 6.850
20.169 6 6.850
20.156 9 6.850
20.144 6 6.850
20.131 7 6.850
20.119 13 6.850
20.106 7 6.851
20.094 8 6.851
20.081 6 6.851
20.069 12 6.851
20.056 6 6.851
20.044 5 6.851
20.031 8 6.851
20.019 3 6.851
20.006 11 6.851
19.994 5 6.851
